000000000000000000
100001100000100000
100010011010100000
000100100101111111
100010011000001000
100001101111000000
100010011000001000
100001101111000000
100010011000001000
100001101111000000
100010011000001000
000100100110010011
100010011000001000
100001101111000000
100010011000001000
100001101111000000
100010011000001000
100001101111000000
100010011000001000
000100100110100111
100010011000001000
100001101111000000
100010011000001000
100001101111000000
100010011000001000
100001101111000000
100010011000001000
