000000000000000000
100001100000100000
100010011010100000
000100000000010101
100010011000001000
000100000000010110
100010011000001000
000100000000010111
100010011000001000
000100000000011000
100010011000001000
000100000000011010
100010011000001000
000100000000011011
100010011000001000
000100000000011100
100010011000001000
000100000000011101
100010011000001000
000100000000011111
100010011000001000
000100000000100000
100010011000001000
000100000000100001
100010011000001000
000100000000100010
100010011000001000
000100000000100100
100010011000001000
000100000000100101
100010011000001000
000100000000100110
100010011000001000
000100000000100111
100010011000001000
000100000000101001
100010011000001000
000100000000101010
100010011000001000
000100000000101011
100010011000001000
000100000000101100
100010011000001000
000100000000101110
100010011000001000
000100000000101111
100010011000001000
000100000000110000
100010011000001000
000100000000110001
100010011000001000
000100000000110011
100010011000001000
000100000000110100
100010011000001000
000100000000110101
100010011000001000
000100000000110110
100010011000001000
000100000000111000
100010011000001000
000100000000111001
100010011000001000
000100000000111010
100010011000001000
000100000000111011
100010011000001000
000100000000111101
100010011000001000
000100000001000000
100010011000001000
000100000001000010
100010011000001000
000100000001000101
100010011000001000
000100000001000111
100010011000001000
000100000001001100
100010011000001000
000100000001001111
100010011000001000
000100000001010001
100010011000001000
000100000001010100
100010011000001000
000100000001010110
100010011000001000
000100000001011001
100010011000001000
000100000001011011
100010011000001000
000100000001100000
100010011000001000
000100000001100011
100010011000001000
000100000001100101
100010011000001000
000100000001101000
100010011000001000
000100000001101010
100010011000001000
000100000001101101
100010011000001000
000100000001101111
100010011000001000
000100000001110100
100010011000001000
000100000001110111
100010011000001000
000100000001111001
100010011000001000
000100000001111100
100010011000001000
000100000001111110
100010011000001000
000100000010000001
100010011000001000
000100000010000011
100010011000001000
000100000010001000
100010011000001000
000100000010001011
100010011000001000
000100000010001101
100010011000001000
000100000010001110
100010011000001000
000100000010001111
100010011000001000
000100000010010000
100010011000001000
000100000010010010
100010011000001000
000100000010010011
100010011000001000
000100000010010100
100010011000001000
000100000010010101
100010011000001000
000100000010010111
100010011000001000
000100000010011000
100010011000001000
000100000010011001
100010011000001000
000100000010011010
100010011000001000
000100000010011100
100010011000001000
000100000010011101
100010011000001000
000100000010011110
100010011000001000
000100000010011111
100010011000001000
000100000010100001
100010011000001000
000100000010100010
100010011000001000
000100000010100011
100010011000001000
000100000010100100
100010011000001000
000100000010100110
100010011000001000
000100000010100111
100010011000001000
000100000010101000
100010011000001000
000100000010101001
100010011000001000
000100000010101011
100010011000001000
000100000010101100
100010011000001000
000100000010101101
100010011000001000
000100000010101110
100010011000001000
000100000010110000
100010011000001000
000100000010110001
100010011000001000
000100000010110010
100010011000001000
000100000010110011
100010011000001000
000100000010110101
100010011000001000
000100000010110110
100010011000001000
000100000010110111
100010011000001000
000100000010111000
100010011000001000
000100000010111010
100010011000001000
000100000010111011
100010011000001000
000100000010111100
100010011000001000
000100000010111101
100010011000001000
000100000010111111
100010011000001000
000100000011000000
100010011000001000
000100000011000001
100010011000001000
000100000011000010
100010011000001000
000100000011000100
100010011000001000
000100000011000101
100010011000001000
000100000011000110
100010011000001000
000100000011000111
100010011000001000
000100000011001001
100010011000001000
000100000011001010
100010011000001000
000100000011001011
100010011000001000
000100000011001100
100010011000001000
000100000011001110
100010011000001000
000100000011001111
100010011000001000
000100000011010000
100010011000001000
000100000011010001
100010011000001000
000100000011010011
100010011000001000
000100000011010100
100010011000001000
000100000011010101
100010011000001000
000100000011010110
100010011000001000
000100000011011000
100010011000001000
000100000011011001
100010011000001000
000100000011011010
100010011000001000
000100000011011011
100010011000001000
000100000011011101
100010011000001000
000100000011100000
100010011000001000
000100000011100010
100010011000001000
000100000011100111
100010011000001000
000100000011101100
100010011000001000
000100000011101101
100010011000001000
000100000011110001
100010011000001000
000100000011110100
100010011000001000
000100000011110110
100010011000001000
000100000011111011
100010011000001000
000100000100000000
100010011000001000
000100000100000001
100010011000001000
000100000100000101
100010011000001000
000100000100001000
100010011000001000
000100000100001010
100010011000001000
000100000100001111
100010011000001000
000100000100010100
100010011000001000
000100000100010101
100010011000001000
000100000100010110
100010011000001000
000100000100011001
100010011000001000
000100000100011100
100010011000001000
000100000100011110
100010011000001000
000100000100100011
100010011000001000
000100000100101000
100010011000001000
000100000100101010
100010011000001000
000100000100101101
100010011000001000
000100000100110000
100010011000001000
000100000100110010
100010011000001000
000100000100110111
100010011000001000
000100000100111000
100010011000001000
000100000100111001
100010011000001000
000100000100111010
100010011000001000
000100000100111100
100010011000001000
000100000100111110
100010011000001000
000100000100111111
100010011000001000
000100000101000001
100010011000001000
000100000101000100
100010011000001000
000100000101000110
100010011000001000
000100000101001011
100010011000001000
000100000101001100
100010011000001000
000100000101001101
100010011000001000
000100000101001110
100010011000001000
000100000101010000
100010011000001000
000100000101010011
100010011000001000
000100000110100101
100010011000001000
000100000110100110
100010011000001000
000100000110100111
100010011000001000
000100000110101000
100010011000001000
000100000110101010
100010011000001000
000100000110101101
100010011000001000
000100000110101111
100010011000001000
000100000110110000
100010011000001000
000100000110110001
100010011000001000
000100000110110010
100010011000001000
000100000110110100
100010011000001000
000100000110110101
100010011000001000
000100000110110110
100010011000001000
000100000110110111
100010011000001000
000100000110111001
100010011000001000
000100000110111010
100010011000001000
000100000110111011
100010011000001000
000100000110111100
100010011000001000
000100000110111110
100010011000001000
000100000111000001
100010011000001000
000100000111000011
100010011000001000
000100000111000100
100010011000001000
000100000111000101
100010011000001000
000100000111000110
100010011000001000
000100000111001000
100010011000001000
000100000111001001
100010011000001000
000100000111001010
100010011000001000
000100000111001011
100010011000001000
000100000111001110
100010011000001000
000100000111001111
100010011000001000
000100000111010010
100010011000001000
000100000111010101
100010011000001000
000100000111010111
100010011000001000
000100000111011010
100010011000001000
000100000111011100
100010011000001000
000100000111100010
100010011000001000
000100000111100011
100010011000001000
000100000111100110
100010011000001000
000100000111101001
100010011000001000
000100000111101011
100010011000001000
000100000111101110
100010011000001000
000100000111110000
100010011000001000
000100000111110110
100010011000001000
000100000111110111
100010011000001000
000100000111111010
100010011000001000
000100000111111101
100010011000001000
000100000111111111
100010011000001000
000100001000000010
100010011000001000
000100001000000100
100010011000001000
000100001000001010
100010011000001000
000100001000001011
100010011000001000
000100001000001110
100010011000001000
000100001000010001
100010011000001000
000100001000010011
100010011000001000
000100001000010110
100010011000001000
000100001000011000
100010011000001000
000100001000011110
100010011000001000
000100001000011111
100010011000001000
000100001000100010
100010011000001000
000100001000100101
100010011000001000
000100001000100111
100010011000001000
000100001000101000
100010011000001000
000100001000101001
100010011000001000
000100001000101010
100010011000001000
000100001000101100
100010011000001000
000100001000101101
100010011000001000
000100001000101110
100010011000001000
000100001000101111
100010011000001000
000100001000110010
100010011000001000
000100001000110011
100010011000001000
000100001000110110
100010011000001000
000100001000111001
100010011000001000
000100001000111011
100010011000001000
000100001000111100
100010011000001000
000100001000111101
100010011000001000
000100001000111110
100010011000001000
000100001001000000
100010011000001000
000100001001000001
100010011000001000
000100001001000010
100010011000001000
000100001001000011
100010011000001000
000100001001000110
100010011000001000
000100001001000111
100010011000001000
000100001001001010
100010011000001000
000100001001001101
100010011000001000
000100001001001111
100010011000001000
000100001001010000
100010011000001000
000100001001010001
100010011000001000
000100001001010010
100010011000001000
000100001001010100
100010011000001000
000100001001010101
100010011000001000
000100001001010110
100010011000001000
000100001001010111
100010011000001000
000100001001011010
100010011000001000
000100001001011011
100010011000001000
000100001001011110
100010011000001000
000100001001100001
100010011000001000
000100001001100011
100010011000001000
000100001001100100
100010011000001000
000100001001100101
100010011000001000
000100001001100110
100010011000001000
000100001001101000
100010011000001000
000100001001101001
100010011000001000
000100001001101010
100010011000001000
000100001001101011
100010011000001000
000100001001101110
100010011000001000
000100001001101111
100010011000001000
000100001001110010
100010011000001000
000100001001110101
100010011000001000
000100001001110111
100010011000001000
000100001001111000
100010011000001000
000100001001111100
100010011000001000
000100001010000010
100010011000001000
000100001010000011
100010011000001000
000100001010000110
100010011000001000
000100001010001001
100010011000001000
000100001010001011
100010011000001000
000100001010001100
100010011000001000
000100001010010000
100010011000001000
000100001010010110
100010011000001000
000100001010010111
100010011000001000
000100001010011010
100010011000001000
000100001010011101
100010011000001000
000100001010011111
100010011000001000
000100001010100000
100010011000001000
000100001010100001
100010011000001000
000100001010100100
100010011000001000
000100001010101010
100010011000001000
000100001010101011
100010011000001000
000100001010101110
100010011000001000
000100001010110001
100010011000001000
000100001010110011
100010011000001000
000100001010110101
100010011000001000
000100001010111000
100010011000001000
000100001010111110
100010011000001000
000100001010111111
100010011000001000
000100001011000010
100010011000001000
000100001011000011
100010011000001000
000100001011000100
100010011000001000
000100001011000101
100010011000001000
000100001011000111
100010011000001000
000100001011001001
100010011000001000
000100001011001010
100010011000001000
000100001011001100
100010011000001000
000100001011001101
100010011000001000
000100001011001110
100010011000001000
000100001011001111
100010011000001000
000100001011010010
100010011000001000
000100001011010011
100010011000001000
000100001011010110
100010011000001000
000100001011010111
100010011000001000
000100001011011000
100010011000001000
000100001011011001
100010011000001000
000100001011011011
100010011000001000
000100001011011110
100010011000001000
000100001011100000
100010011000001000
000100001011100001
100010011000001000
000100001011100010
100010011000001000
000100001011100011
100010011000001000
